
12924361
12922322
12884014
12862199
12817286
12933413
12946387
12950032
12963538
12965240
12966433
12985382
12990947
13004874
13025802
13033748
12849445
13014155
13050104
13015603
13091410
13127588
13153651
13162504
13131563
13142472
13193713
13196751
13211404
13223969
13184007
13175977
13168893
13149896
13142038
13101309
13049025
13042793
13034722
13006401
12982589
12974579
12956009
12874112
12870510
12866072
12856326
12823787
12824319
12809746
12808626
12665103
13263866
13271339
13272107
13276770
13277434
13300937
13293694
13310766
13317579
13317608
13326167
13324300
13332470
13334596
13335905
13355485
13376890
13382584
